
n:		Tiempo:

4		0.0001660	
5		0.0002230	
6		0.0002600	
7		0.0003080	
8		0.0003450	
9		0.0003810	
10		0.0004240	
11		0.0004600	
12		0.0004960	
13		0.0005390	
14		0.0005750	
15		0.0006110	
16		0.0006540	
17		0.0006930	
18		0.0007290	
19		0.0007720	
20		0.0008090	
21		0.0008520	
22		0.0008890	
23		0.0009260	
24		0.0009690	
25		0.0010050	
26		0.0010420	
27		0.0010980	
28		0.0011360	
29		0.0011730	
30		0.0012160	
31		0.0012520	
32		0.0012890	
33		0.0013330	
34		0.0013770	
35		0.0014140	
36		0.0014560	
37		0.0014930	
38		0.0015330	
39		0.0015760	
40		0.0016120	
41		0.0016490	
42		0.0016910	
43		0.0017280	
44		0.0017710	
45		0.0018070	
46		0.0018440	
47		0.0018870	
48		0.0019260	
49		0.0019630	
50		0.0020050	
51		0.0020450	
52		0.0020820	
53		0.0021240	
54		0.0021600	
55		0.0021970	
56		0.0022400	
57		0.0022820	
58		0.0023180	
59		0.0023630	
60		0.0023990	
61		0.0024360	
62		0.0024780	
63		0.0026180	
64		0.0026570	
65		0.0027000	
66		0.0027360	
67		0.0027790	
68		0.0029450	
69		0.0029880	
70		0.0030320	
71		0.0030680	
72		0.0031050	
73		0.0031480	
74		0.0031850	
75		0.0032230	
76		0.0032730	
77		0.0033100	
78		0.0033450	
79		0.0033920	
80		0.0034350	
81		0.0034710	
82		0.0035140	
83		0.0035500	
84		0.0035860	
85		0.0036290	
86		0.0036650	
87		0.0037010	
88		0.0037450	
89		0.0037810	
90		0.0038270	
91		0.0038630	
92		0.0039000	
93		0.0039420	
94		0.0039790	
95		0.0040150	
96		0.0040570	
97		0.0040940	
98		0.0041300	
99		0.0041740	
100		0.0042160	
101		0.0042520	
102		0.0042950	
103		0.0043390	
104		0.0043750	
105		0.0044180	
106		0.0044540	
107		0.0044900	
108		0.0045330	
109		0.0045700	
110		0.0046060	
111		0.0046520	
112		0.0046890	
113		0.0047310	
114		0.0047680	
115		0.0048040	
116		0.0048480	
117		0.0048850	
118		0.0049210	
119		0.0049640	
120		0.0050010	
121		0.0050410	
122		0.0050840	
123		0.0051210	
124		0.0051570	
125		0.0052030	
126		0.0052470	
127		0.0052830	
128		0.0053260	
129		0.0053630	
130		0.0053990	
131		0.0054450	
132		0.0054810	
133		0.0055180	
134		0.0055610	
135		0.0055980	
136		0.0056350	
137		0.0056790	
138		0.0057160	
139		0.0057580	
140		0.0057950	
141		0.0058310	
142		0.0058770	
143		0.0059140	
144		0.0059510	
145		0.0059920	
146		0.0060290	
147		0.0060650	
148		0.0061090	
149		0.0061550	
150		0.0061920	
151		0.0062380	
152		0.0062780	
153		0.0063150	
154		0.0063580	
155		0.0063930	
156		0.0064300	
157		0.0064730	
158		0.0065100	
159		0.0065460	
160		0.0065900	
161		0.0066260	
162		0.0066720	
163		0.0067080	
164		0.0067440	
165		0.0067870	
166		0.0069590	
167		0.0070000	
168		0.0070460	
169		0.0070840	
170		0.0071220	
171		0.0071670	
172		0.0072120	
173		0.0072540	
174		0.0073040	
175		0.0073430	
176		0.0073820	
177		0.0074260	
178		0.0074650	
179		0.0075030	
180		0.0075480	
181		0.0075860	
182		0.0076240	
183		0.0076700	
184		0.0077090	
185		0.0077540	
186		0.0077920	
187		0.0078310	
188		0.0078760	
189		0.0079140	
190		0.0079510	
191		0.0079970	
192		0.0080350	
193		0.0080740	
194		0.0081210	
195		0.0081650	
196		0.0082030	
197		0.0082480	
198		0.0082900	
199		0.0083290	
200		0.0083750	
201		0.0084130	
202		0.0084510	
203		0.0084970	
204		0.0085390	
205		0.0085770	
206		0.0086220	
207		0.0086600	
208		0.0087040	
209		0.0087420	
210		0.0087800	
211		0.0088250	
212		0.0088640	
213		0.0089020	
214		0.0089500	
215		0.0089880	
216		0.0090270	
217		0.0090710	
218		0.0091160	
219		0.0091540	
220		0.0091990	
221		0.0092370	
222		0.0092750	
223		0.0093240	
224		0.0093630	
225		0.0094050	
226		0.0094500	
227		0.0094880	
228		0.0095270	
229		0.0095720	
230		0.0096100	
231		0.0096550	
232		0.0096930	
233		0.0097310	
234		0.0097760	
235		0.0098180	
236		0.0098560	
237		0.0099010	
238		0.0099400	
239		0.0099780	
240		0.0100240	
241		0.0100690	
242		0.0101070	
243		0.0101520	
244		0.0101900	
245		0.0102290	
246		0.0102780	
247		0.0103200	
248		0.0103590	
249		0.0104030	
250		0.0104420	
251		0.0105810	
252		0.0106320	
253		0.0106700	
254		0.0107150	
255		0.0107540	
256		0.0107950	
257		0.0108770	
258		0.0108980	
259		0.0109180	
260		0.0109400	
261		0.0109600	
262		0.0109800	
263		0.0110030	
264		0.0110290	
265		0.0110490	
266		0.0110740	
267		0.0112840	
268		0.0113050	
269		0.0113290	
270		0.0113490	
271		0.0113690	
272		0.0113960	
273		0.0114160	
274		0.0114360	
275		0.0114590	
276		0.0114810	
277		0.0115050	
278		0.0115250	
279		0.0115440	
280		0.0115670	
281		0.0115870	
282		0.0116070	
283		0.0116300	
284		0.0116490	
285		0.0116680	
286		0.0116990	
287		0.0117180	
288		0.0117380	
289		0.0117610	
290		0.0117800	
291		0.0118000	
292		0.0118230	
293		0.0118420	
294		0.0118620	
295		0.0118850	
296		0.0119070	
297		0.0119280	
298		0.0119510	
299		0.0119750	
300		0.0119990	
301		0.0120180	
302		0.0120370	
303		0.0120610	
304		0.0120810	
305		0.0121010	
306		0.0121240	
307		0.0121450	
308		0.0121640	
309		0.0121920	
310		0.0122120	
311		0.0122320	
312		0.0122550	
313		0.0122750	
314		0.0122940	
315		0.0123180	
316		0.0123370	
317		0.0123570	
318		0.0123810	
319		0.0124010	
320		0.0124200	
321		0.0124460	
322		0.0124660	
323		0.0124890	
324		0.0125080	
325		0.0125280	
326		0.0125510	
327		0.0125700	
328		0.0125910	
329		0.0126140	
330		0.0126340	
331		0.0126530	
332		0.0126810	
333		0.0127010	
334		0.0127200	
335		0.0127430	
336		0.0127630	
337		0.0127820	
338		0.0128070	
339		0.0128260	
340		0.0128460	
341		0.0128700	
342		0.0128890	
343		0.0129080	
344		0.0129310	
345		0.0129530	
346		0.0129770	
347		0.0129970	
348		0.0130160	
349		0.0130400	
350		0.0130600	
351		0.0130790	
352		0.0131020	
353		0.0131210	
354		0.0131410	
355		0.0131690	
356		0.0131880	
357		0.0132070	
358		0.0132310	
359		0.0132510	
360		0.0132710	
361		0.0132930	
362		0.0133120	
363		0.0133310	
364		0.0133540	
365		0.0133740	
366		0.0133930	
367		0.0134160	
368		0.0135070	
369		0.0135370	
370		0.0135560	
371		0.0135750	
372		0.0135980	
373		0.0136160	
374		0.0136350	
375		0.0136570	
376		0.0136760	
377		0.0136940	
378		0.0137210	
379		0.0137400	
380		0.0137600	
381		0.0137830	
382		0.0138020	
383		0.0138210	
384		0.0138430	
385		0.0138610	
386		0.0138790	
387		0.0139020	
388		0.0139210	
389		0.0139390	
390		0.0139640	
391		0.0139820	
392		0.0140010	
393		0.0140240	
394		0.0140440	
395		0.0140670	
396		0.0140870	
397		0.0141060	
398		0.0141280	
399		0.0141470	
400		0.0141660	
401		0.0141940	
402		0.0142130	
403		0.0142330	
404		0.0142550	
405		0.0142740	
406		0.0142920	
407		0.0143150	
408		0.0143340	
409		0.0143520	
410		0.0143750	
411		0.0143960	
412		0.0144140	
413		0.0144360	
414		0.0144540	
415		0.0144730	
416		0.0144950	
417		0.0145150	
418		0.0145390	
419		0.0145580	
420		0.0145770	
421		0.0146010	
422		0.0146200	
423		0.0146380	
424		0.0146650	
425		0.0146830	
426		0.0147020	
427		0.0147240	
428		0.0147430	
429		0.0147610	
430		0.0147840	
431		0.0148030	
432		0.0148230	
433		0.0148450	
434		0.0148640	
435		0.0148830	
436		0.0149050	
437		0.0149240	
438		0.0149430	
439		0.0149650	
440		0.0149830	
441		0.0150060	
442		0.0150260	
443		0.0150470	
444		0.0150700	
445		0.0150890	
446		0.0151080	
447		0.0151350	
448		0.0151530	
449		0.0151720	
450		0.0151950	
451		0.0152140	
452		0.0152320	
453		0.0152560	
454		0.0152750	
455		0.0152930	
456		0.0153160	
457		0.0153340	
458		0.0153530	
459		0.0153750	
460		0.0153940	
461		0.0154130	
462		0.0154350	
463		0.0154560	
464		0.0154780	
465		0.0154970	
466		0.0155160	
467		0.0155400	
468		0.0155600	
469		0.0155780	
470		0.0156050	
471		0.0156250	
472		0.0156430	
473		0.0156680	
474		0.0156860	
475		0.0157050	
476		0.0157270	
477		0.0157460	
478		0.0157650	
479		0.0157870	
480		0.0158060	
481		0.0158250	
482		0.0158470	
483		0.0158660	
484		0.0158870	
485		0.0159090	
486		0.0159280	
487		0.0159500	
488		0.0159690	
489		0.0159870	
490		0.0160090	
491		0.0160280	
492		0.0160480	
493		0.0160750	
494		0.0160950	
495		0.0161140	
496		0.0161360	
497		0.0161540	
498		0.0161730	
499		0.0161950	
500		0.0162140	
501		0.0162330	
502		0.0162550	
503		0.0162740	
504		0.0162930	
505		0.0163160	
506		0.0163350	
507		0.0163540	
508		0.0163760	
509		0.0163950	
510		0.0164180	
511		0.0164360	
512		0.0164540	
513		0.0164770	
514		0.0164960	
515		0.0165160	
516		0.0165440	
517		0.0165630	
518		0.0165820	
519		0.0166050	
520		0.0166240	
521		0.0166420	
522		0.0166650	
523		0.0168310	
524		0.0168550	
525		0.0168810	
526		0.0169010	
527		0.0169210	
528		0.0169440	
529		0.0169640	
530		0.0169840	
531		0.0170070	
532		0.0170270	
533		0.0171050	
534		0.0171250	
535		0.0171470	
536		0.0171710	
537		0.0171910	
538		0.0172110	
539		0.0172380	
540		0.0172580	
541		0.0172820	
542		0.0173060	
543		0.0173250	
544		0.0173450	
545		0.0173690	
546		0.0173890	
547		0.0174080	
548		0.0174320	
549		0.0174520	
550		0.0174710	
551		0.0174950	
552		0.0175140	
553		0.0175340	
554		0.0175570	
555		0.0175760	
556		0.0176020	
557		0.0176210	
558		0.0176400	
559		0.0176640	
560		0.0176830	
561		0.0177020	
562		0.0177310	
563		0.0177500	
564		0.0177700	
565		0.0177950	
566		0.0178170	
567		0.0178370	
568		0.0178600	
569		0.0178800	
570		0.0179000	
571		0.0179230	
572		0.0179430	
573		0.0179630	
574		0.0179860	
575		0.0180060	
576		0.0180250	
577		0.0180510	
578		0.0180700	
579		0.0180940	
580		0.0181140	
581		0.0181340	
582		0.0181570	
583		0.0181760	
584		0.0181960	
585		0.0182250	
586		0.0182450	
587		0.0182660	
588		0.0182900	
589		0.0183100	
590		0.0183310	
591		0.0183550	
592		0.0183750	
593		0.0183940	
594		0.0184180	
595		0.0184380	
596		0.0184580	
597		0.0184820	
598		0.0185020	
599		0.0185220	
600		0.0185450	
601		0.0185650	
602		0.0185870	
603		0.0186070	
604		0.0186260	
605		0.0186490	
606		0.0186690	
607		0.0186890	
608		0.0187180	
609		0.0187380	
610		0.0187570	
611		0.0187800	
612		0.0188000	
613		0.0188200	
614		0.0188450	
615		0.0188650	
616		0.0188840	
617		0.0189080	
618		0.0189290	
619		0.0189490	
620		0.0189720	
621		0.0189920	
622		0.0190120	
623		0.0190350	
624		0.0190540	
625		0.0190930	
626		0.0191140	
627		0.0191330	
628		0.0191590	
629		0.0191780	
630		0.0191980	
631		0.0192270	
632		0.0192460	
633		0.0192650	
634		0.0192880	
635		0.0193080	
636		0.0193280	
637		0.0193520	
638		0.0193720	
639		0.0193950	
640		0.0194190	
641		0.0194390	
642		0.0194580	
643		0.0194830	
644		0.0195020	
645		0.0195220	
646		0.0195450	
647		0.0195650	
648		0.0195850	
649		0.0196100	
650		0.0196300	
651		0.0196520	
652		0.0196720	
653		0.0196920	
654		0.0197190	
655		0.0197390	
656		0.0197580	
657		0.0197820	
658		0.0198010	
659		0.0198210	
660		0.0198460	
661		0.0198660	
662		0.0198850	
663		0.0199120	
664		0.0199320	
665		0.0199520	
666		0.0199750	
667		0.0199940	
668		0.0200130	
669		0.0200370	
670		0.0200570	
671		0.0200770	
672		0.0201000	
673		0.0201200	
674		0.0201430	
675		0.0201630	
676		0.0201820	
677		0.0202090	
678		0.0202290	
679		0.0202530	
680		0.0202780	
681		0.0202980	
682		0.0203170	
683		0.0203410	
684		0.0203610	
685		0.0203800	
686		0.0204050	
687		0.0204240	
688		0.0204450	
689		0.0204690	
690		0.0204890	
691		0.0205100	
692		0.0205330	
693		0.0205530	
694		0.0205730	
695		0.0205950	
696		0.0206150	
697		0.0206390	
698		0.0206580	
699		0.0206780	
700		0.0207060	
701		0.0207260	
702		0.0207460	
703		0.0207690	
704		0.0207890	
705		0.0208080	
706		0.0208320	
707		0.0208530	
708		0.0208720	
709		0.0208960	
710		0.0209160	
711		0.0209360	
712		0.0209620	
713		0.0209820	
714		0.0210020	
715		0.0210750	
716		0.0210990	
717		0.0211190	
718		0.0211420	
719		0.0211620	
720		0.0211850	
721		0.0212050	
722		0.0212270	
723		0.0212540	
724		0.0212740	
725		0.0212940	
726		0.0213180	
727		0.0213370	
728		0.0213560	
729		0.0213790	
730		0.0213990	
731		0.0214180	
732		0.0214430	
733		0.0214620	
734		0.0214820	
735		0.0215050	
736		0.0215240	
737		0.0215470	
738		0.0215700	
739		0.0215900	
740		0.0216090	
741		0.0216320	
742		0.0216510	
743		0.0216760	
744		0.0216960	
745		0.0217150	
746		0.0217430	
747		0.0217630	
748		0.0217820	
749		0.0218050	
750		0.0218240	
751		0.0218440	
752		0.0218660	
753		0.0218870	
754		0.0219060	
755		0.0219290	
756		0.0219480	
757		0.0219670	
758		0.0219900	
759		0.0220090	
760		0.0220280	
761		0.0220530	
762		0.0220730	
763		0.0220920	
764		0.0221160	
765		0.0221350	
766		0.0221580	
767		0.0221770	
768		0.0221970	
769		0.0222240	
770		0.0222430	
771		0.0222620	
772		0.0222860	
773		0.0223050	
774		0.0223260	
775		0.0223500	
776		0.0223690	
777		0.0223880	
778		0.0224100	
779		0.0225460	
780		0.0225680	
781		0.0225910	
782		0.0226100	
783		0.0226300	
784		0.0226540	
785		0.0226740	
786		0.0226960	
787		0.0227190	
788		0.0227380	
789		0.0227610	
790		0.0227800	
791		0.0228040	
792		0.0228280	
793		0.0228480	
794		0.0228690	
795		0.0228920	
796		0.0229110	
797		0.0229310	
798		0.0229540	
799		0.0229740	
800		0.0229930	
801		0.0230160	
802		0.0230360	
803		0.0230560	
804		0.0230800	
805		0.0231000	
806		0.0231190	
807		0.0231430	
808		0.0231620	
809		0.0231820	
810		0.0232060	
811		0.0232250	
812		0.0232480	
813		0.0232680	
814		0.0232910	
815		0.0233160	
816		0.0233350	
817		0.0233540	
818		0.0233780	
819		0.0233980	
820		0.0234170	
821		0.0234410	
822		0.0234600	
823		0.0234790	
824		0.0235010	
825		0.0235220	
826		0.0235420	
827		0.0235650	
828		0.0235850	
829		0.0236040	
830		0.0236270	
831		0.0236470	
832		0.0236660	
833		0.0236890	
834		0.0237080	
835		0.0237340	
836		0.0237540	
837		0.0237780	
838		0.0238010	
839		0.0238200	
840		0.0238400	
841		0.0238630	
842		0.0238830	
843		0.0239020	
844		0.0239250	
845		0.0239440	
846		0.0239650	
847		0.0239890	
848		0.0240090	
849		0.0240290	
850		0.0240520	
851		0.0240720	
852		0.0240910	
853		0.0241150	
854		0.0241340	
855		0.0241530	
856		0.0241780	
857		0.0241970	
858		0.0242200	
859		0.0242400	
860		0.0242640	
861		0.0242870	
862		0.0243070	
863		0.0244030	
864		0.0244280	
865		0.0244480	
866		0.0244670	
867		0.0244930	
868		0.0245130	
869		0.0245320	
870		0.0245550	
871		0.0245740	
872		0.0245930	
873		0.0246160	
874		0.0246930	
875		0.0247140	
876		0.0247370	
877		0.0247570	
878		0.0247760	
879		0.0247990	
880		0.0248170	
881		0.0248390	
882		0.0248580	
883		0.0248800	
884		0.0249050	
885		0.0249240	
886		0.0249430	
887		0.0249660	
888		0.0249850	
889		0.0250030	
890		0.0250260	
891		0.0250440	
892		0.0250630	
893		0.0250850	
894		0.0251030	
895		0.0251230	
896		0.0251450	
897		0.0251640	
898		0.0251840	
899		0.0252070	
900		0.0252250	
901		0.0252440	
902		0.0252660	
903		0.0252850	
904		0.0253040	
905		0.0253270	
906		0.0253490	
907		0.0253720	
908		0.0253930	
909		0.0254130	
910		0.0254350	
911		0.0254530	
912		0.0254720	
913		0.0254950	
914		0.0255150	
915		0.0255330	
916		0.0255560	
917		0.0255740	
918		0.0255930	
919		0.0256170	
920		0.0256350	
921		0.0256530	
922		0.0256750	
923		0.0256940	
924		0.0257130	
925		0.0257360	
926		0.0257540	
927		0.0257730	
928		0.0257960	
929		0.0258200	
930		0.0258420	
931		0.0258610	
932		0.0258790	
933		0.0259040	
934		0.0259230	
935		0.0259420	
936		0.0259630	
937		0.0259820	
938		0.0260000	
939		0.0260240	
940		0.0260430	
941		0.0260610	
942		0.0260830	
943		0.0261010	
944		0.0261200	
945		0.0261420	
946		0.0261600	
947		0.0261790	
948		0.0262010	
949		0.0262200	
950		0.0262400	
951		0.0262620	
952		0.0262850	
953		0.0263070	
954		0.0263250	
955		0.0263430	
956		0.0263650	
957		0.0263850	
958		0.0264040	
959		0.0264260	
960		0.0264450	
961		0.0264640	
962		0.0264860	
963		0.0265040	
964		0.0265220	
965		0.0265440	
966		0.0265620	
967		0.0265800	
968		0.0266020	
969		0.0266210	
970		0.0266400	
971		0.0266630	
972		0.0266820	
973		0.0267010	
974		0.0267230	
975		0.0267450	
976		0.0267670	
977		0.0267860	
978		0.0268050	
979		0.0268270	
980		0.0268450	
981		0.0268640	
982		0.0268900	
983		0.0269090	
984		0.0269280	
985		0.0269500	
986		0.0269700	
987		0.0269890	
988		0.0270110	
989		0.0270290	
990		0.0270480	
991		0.0270710	
992		0.0270900	
993		0.0271090	
994		0.0271310	
995		0.0271490	
996		0.0271680	
997		0.0271910	
998		0.0272140	
999		0.0272360	